0.00000000000000000000 0.00000000000000000000
0.11747233803526746510 0.00000000000000000000
0.35738424175967742347 0.00000000000000000000
0.64261575824032257653 0.00000000000000000000
0.88252766196473231286 0.00000000000000000000
1.00000000000000000000 0.00000000000000000000
-0.00000000000000011102 0.11747233803526768714
0.15776374274904558792 0.15776374274904569894
0.41437726133396274308 0.17124547733207451383
0.68447251450190860211 0.15776374274904564343
0.88252766196473242388 0.11747233803526757612
0.00000000000000000000 0.35738424175967742347
0.17124547733207451383 0.41437726133396268757
0.41437726133396279860 0.41437726133396279860
0.64261575824032257653 0.35738424175967742347
0.00000000000000000000 0.64261575824032257653
0.15776374274904569894 0.68447251450190871314
0.35738424175967742347 0.64261575824032257653
0.00000000000000005551 0.88252766196473242388
0.11747233803526768714 0.88252766196473242388
0.00000000000000000000 1.00000000000000000000
