0.00000000000000000000 0.00000000000000000000
0.17267316464601145665 0.00000000000000000000
0.50000000000000000000 0.00000000000000000000
0.82732683535398865438 0.00000000000000005551
1.00000000000000000000 0.00000000000000000000
0.00000000000000000000 0.17267316464601145665
0.22420824622234719614 0.22420824622234719614
0.55158350755530560772 0.22420824622234719614
0.82732683535398865438 0.17267316464601140114
0.00000000000000000000 0.50000000000000000000
0.22420824622234719614 0.55158350755530560772
0.50000000000000000000 0.50000000000000000000
0.00000000000000005551 0.82732683535398854335
0.17267316464601140114 0.82732683535398865438
0.00000000000000000000 1.00000000000000000000
