0.00000000000000000000 0.00000000000000000000
0.08488805186071635145 0.00000000000000000000
0.26557560326464280109 0.00000000000000000000
0.50000000000000000000 0.00000000000000000000
0.73442439673535719891 0.00000000000000000000
0.91511194813928342651 0.00000000000000000000
1.00000000000000000000 0.00000000000000000000
0.00000000000000000000 0.08488805186071662900
0.11524175190327912155 0.11524175190327923257
0.31761537173165538261 0.12795230198283941148
0.55443232628550520591 0.12795230198283935596
0.76951649619344142383 0.11524175190327923257
0.91511194813928364855 0.08488805186071635145
0.00000000000000000000 0.26557560326464285660
0.12795230198283924494 0.31761537173165532710
0.33333333333333325932 0.33333333333333325932
0.55443232628550520591 0.31761537173165543813
0.73442439673535697686 0.26557560326464296763
0.00000000000000000000 0.50000000000000000000
0.12795230198283935596 0.55443232628550520591
0.31761537173165543813 0.55443232628550520591
0.50000000000000000000 0.50000000000000000000
0.00000000000000000000 0.73442439673535708788
0.11524175190327934359 0.76951649619344131281
0.26557560326464280109 0.73442439673535719891
0.00000000000000005551 0.91511194813928364855
0.08488805186071662900 0.91511194813928353753
0.00000000000000000000 1.00000000000000000000
